Rank-1: 97.71%
Rank-5: 99.95%

             precision    recall  f1-score   support

          0       0.78      0.71      0.75        35
          1       0.97      1.00      0.99        34
          2       0.85      1.00      0.92        34
          3       1.00      1.00      1.00        38
          4       1.00      0.98      0.99        41
          5       0.97      1.00      0.98        30
          6       0.94      0.83      0.88        41
          7       1.00      1.00      1.00        32
          8       1.00      0.97      0.99        38
          9       1.00      1.00      1.00        34
         10       1.00      1.00      1.00        71
         11       1.00      1.00      1.00        68
         12       1.00      1.00      1.00        72
         13       0.99      1.00      0.99        70
         14       1.00      1.00      1.00        67
         15       1.00      1.00      1.00        74
         16       0.97      1.00      0.99        71
         17       1.00      1.00      1.00        73
         18       1.00      1.00      1.00        59
         19       1.00      1.00      1.00        31
         20       0.99      1.00      0.99        70
         21       0.97      1.00      0.99        68
         22       0.99      0.97      0.98        71
         23       1.00      0.96      0.98        68
         24       0.87      0.91      0.89        76
         25       1.00      1.00      1.00        69
         26       1.00      1.00      1.00        68
         27       1.00      0.95      0.98        62
         28       0.99      1.00      0.99        75
         29       0.99      1.00      0.99        72
         30       1.00      1.00      1.00        74
         31       0.97      0.87      0.92        71
         32       0.92      0.97      0.94        67
         33       0.95      0.98      0.97        61
         34       1.00      1.00      1.00        72
         35       0.97      0.95      0.96        41

avg / total       0.98      0.98      0.98      2098

