Rank-1: 99.52%
Rank-5: 100.00%

             precision    recall  f1-score   support

          0       1.00      1.00      1.00         7
          1       1.00      1.00      1.00        10
          2       1.00      1.00      1.00         9
          3       1.00      1.00      1.00         6
          4       1.00      1.00      1.00        13
          5       1.00      1.00      1.00         5
          6       1.00      1.00      1.00         5
          7       1.00      1.00      1.00         5
          8       1.00      1.00      1.00         8
          9       1.00      1.00      1.00        11
         10       1.00      1.00      1.00        12
         11       1.00      1.00      1.00        14
         12       1.00      1.00      1.00         7
         13       0.94      1.00      0.97        16
         14       1.00      1.00      1.00        14
         15       1.00      1.00      1.00        14
         16       1.00      1.00      1.00        11
         17       1.00      1.00      1.00        15
         18       1.00      1.00      1.00        14
         19       1.00      1.00      1.00         6
         20       1.00      1.00      1.00        10
         21       1.00      1.00      1.00        13
         22       0.92      1.00      0.96        12
         23       1.00      0.93      0.97        15
         24       1.00      1.00      1.00        11
         25       1.00      1.00      1.00        16
         26       1.00      1.00      1.00        14
         27       1.00      1.00      1.00        15
         28       1.00      1.00      1.00        19
         29       1.00      1.00      1.00        12
         30       1.00      1.00      1.00        17
         31       1.00      1.00      1.00        20
         32       1.00      1.00      1.00        12
         33       1.00      1.00      1.00        11
         34       1.00      1.00      1.00        12
         35       1.00      0.89      0.94         9

avg / total       1.00      1.00      1.00       420

