Rank-1: 77.02%
Rank-5: 93.03%

             precision    recall  f1-score   support

          0       0.54      0.78      0.63        67
          1       0.84      0.54      0.66        68
          2       0.68      0.58      0.63        67
          3       0.93      0.97      0.95        66
          4       0.47      0.75      0.57        63
          5       0.68      0.89      0.77        65
          6       0.80      0.12      0.20        69
          7       0.62      0.66      0.64        67
          8       0.44      0.06      0.10        69
          9       0.97      0.91      0.94        68
         10       0.86      0.91      0.89       133
         11       0.91      0.95      0.93       131
         12       0.95      1.00      0.97       133
         13       0.91      0.74      0.82       135
         14       0.98      0.72      0.83       137
         15       0.75      0.98      0.85       132
         16       0.91      0.91      0.91       133
         17       0.88      0.95      0.91       133
         18       0.86      0.49      0.62       137
         19       0.98      0.88      0.93        66
         20       0.93      0.71      0.80       137
         21       0.86      0.95      0.90       128
         22       0.68      0.69      0.69       134
         23       0.46      0.69      0.55       132
         24       0.69      0.16      0.26       138
         25       1.00      0.99      1.00       131
         26       1.00      1.00      1.00       126
         27       0.71      0.88      0.79       133
         28       0.65      0.89      0.75       131
         29       0.76      0.82      0.79       127
         30       0.84      0.90      0.87       131
         31       0.64      0.60      0.62       131
         32       0.59      0.90      0.71       129
         33       0.97      0.46      0.63       138
         34       0.75      0.89      0.81       134
         35       0.49      0.96      0.65        67

avg / total       0.79      0.77      0.76      3986

