Rank-1: 94.59%
Rank-5: 99.52%

             precision    recall  f1-score   support

          0       0.65      0.60      0.63        43
          1       0.88      1.00      0.94        51
          2       0.72      0.91      0.81        46
          3       0.96      1.00      0.98        51
          4       0.92      0.88      0.90        52
          5       0.95      0.93      0.94        43
          6       0.83      0.44      0.58        54
          7       0.94      0.98      0.96        45
          8       1.00      0.98      0.99        54
          9       1.00      1.00      1.00        50
         10       0.99      0.98      0.99       102
         11       1.00      0.97      0.99       104
         12       1.00      1.00      1.00        94
         13       1.00      0.99      1.00       101
         14       1.00      1.00      1.00        98
         15       0.98      1.00      0.99       101
         16       1.00      1.00      1.00        91
         17       0.95      1.00      0.98       105
         18       0.99      1.00      0.99        85
         19       1.00      1.00      1.00        46
         20       0.99      0.99      0.99       103
         21       0.97      0.98      0.97        92
         22       0.88      0.93      0.91       103
         23       0.93      0.81      0.87       105
         24       0.83      0.86      0.85        99
         25       1.00      1.00      1.00        95
         26       1.00      1.00      1.00        97
         27       0.98      0.97      0.97        90
         28       0.97      0.99      0.98       105
         29       0.95      0.96      0.96       102
         30       0.97      0.99      0.98        94
         31       0.94      0.78      0.85        97
         32       0.71      0.90      0.80        84
         33       0.94      0.98      0.96       103
         34       1.00      0.99      1.00       103
         35       0.98      0.88      0.92        49

avg / total       0.95      0.95      0.94      2937

