Rank-1: 99.13%
Rank-5: 100.00%

             precision    recall  f1-score   support

          0       0.85      1.00      0.92        17
          1       1.00      1.00      1.00        23
          2       1.00      1.00      1.00        18
          3       1.00      1.00      1.00        22
          4       1.00      0.96      0.98        26
          5       0.96      1.00      0.98        24
          6       1.00      0.88      0.93        24
          7       1.00      1.00      1.00        18
          8       1.00      1.00      1.00        19
          9       1.00      1.00      1.00        23
         10       1.00      1.00      1.00        40
         11       1.00      1.00      1.00        43
         12       1.00      1.00      1.00        44
         13       0.98      1.00      0.99        45
         14       1.00      1.00      1.00        36
         15       1.00      1.00      1.00        48
         16       1.00      1.00      1.00        42
         17       1.00      1.00      1.00        45
         18       1.00      1.00      1.00        35
         19       1.00      1.00      1.00        21
         20       1.00      1.00      1.00        37
         21       1.00      1.00      1.00        38
         22       0.95      0.97      0.96        38
         23       1.00      0.95      0.98        42
         24       1.00      0.93      0.96        41
         25       1.00      1.00      1.00        45
         26       1.00      1.00      1.00        39
         27       1.00      1.00      1.00        32
         28       0.98      1.00      0.99        48
         29       1.00      1.00      1.00        45
         30       1.00      1.00      1.00        51
         31       1.00      1.00      1.00        44
         32       0.94      1.00      0.97        44
         33       1.00      1.00      1.00        35
         34       1.00      1.00      1.00        43
         35       1.00      0.96      0.98        24

avg / total       0.99      0.99      0.99      1259

