Rank-1: 88.11%
Rank-5: 98.83%

             precision    recall  f1-score   support

          0       0.46      0.20      0.28        66
          1       0.69      0.98      0.81        63
          2       0.69      0.85      0.76        61
          3       1.00      0.95      0.98        65
          4       0.82      0.76      0.79        59
          5       0.82      0.92      0.87        61
          6       0.62      0.36      0.46        66
          7       0.67      0.81      0.73        62
          8       0.97      0.46      0.63        67
          9       0.97      0.97      0.97        66
         10       0.83      0.98      0.90       126
         11       0.98      0.98      0.98       127
         12       0.95      1.00      0.97       125
         13       0.99      0.98      0.98       126
         14       0.98      0.96      0.97       128
         15       0.97      0.99      0.98       125
         16       0.93      1.00      0.96       126
         17       0.98      0.96      0.97       128
         18       0.94      1.00      0.97       127
         19       1.00      0.87      0.93        63
         20       0.93      0.98      0.95       130
         21       0.95      0.99      0.97       120
         22       0.81      0.80      0.80       126
         23       0.72      0.77      0.75       127
         24       0.68      0.84      0.75       130
         25       1.00      1.00      1.00       123
         26       1.00      1.00      1.00       124
         27       0.89      0.68      0.77       130
         28       0.92      0.86      0.89       127
         29       0.89      0.81      0.85       121
         30       0.93      0.94      0.94       124
         31       0.83      0.74      0.78       123
         32       0.64      0.83      0.72       114
         33       0.95      0.88      0.91       129
         34       1.00      0.95      0.98       128
         35       0.92      0.94      0.93        63

avg / total       0.88      0.88      0.88      3776

