Rank-1: 93.49%
Rank-5: 99.67%

             precision    recall  f1-score   support

          0       1.00      1.00      1.00        66
          1       0.70      1.00      0.82        67
          2       1.00      0.77      0.87        69
          3       0.98      1.00      0.99        64
          4       0.99      1.00      0.99        66
          5       1.00      1.00      1.00        66
          6       0.89      1.00      0.94        65
          7       1.00      0.99      0.99        68
          8       1.00      0.68      0.81        68

avg / total       0.95      0.93      0.93       599

