Rank-1: 100.00%
Rank-5: 100.00%

             precision    recall  f1-score   support

          0       1.00      1.00      1.00         7
          1       1.00      1.00      1.00        12
          2       1.00      1.00      1.00         9
          3       1.00      1.00      1.00        12
          4       1.00      1.00      1.00         8
          5       1.00      1.00      1.00         6
          6       1.00      1.00      1.00         7
          7       1.00      1.00      1.00         6
          8       1.00      1.00      1.00         7
          9       1.00      1.00      1.00         7
         10       1.00      1.00      1.00         6
         11       1.00      1.00      1.00         3
         12       1.00      1.00      1.00         3
         13       1.00      1.00      1.00         9
         14       1.00      1.00      1.00         3
         15       1.00      1.00      1.00         5
         16       1.00      1.00      1.00         8
         17       1.00      1.00      1.00         6
         18       1.00      1.00      1.00         8
         19       1.00      1.00      1.00         7
         20       1.00      1.00      1.00         1
         21       1.00      1.00      1.00        12
         22       1.00      1.00      1.00         5
         23       1.00      1.00      1.00        10
         24       1.00      1.00      1.00         9
         25       1.00      1.00      1.00         8
         26       1.00      1.00      1.00         5
         27       1.00      1.00      1.00         6
         28       1.00      1.00      1.00         6
         29       1.00      1.00      1.00         7
         30       1.00      1.00      1.00         6
         31       1.00      1.00      1.00         6
         32       1.00      1.00      1.00         6
         33       1.00      1.00      1.00         7
         34       1.00      1.00      1.00        10
         35       1.00      1.00      1.00         9

avg / total       1.00      1.00      1.00       252

