Rank-1: 92.96%
Rank-5: 98.98%

             precision    recall  f1-score   support

          0       0.61      0.68      0.65        44
          1       0.98      0.98      0.98        50
          2       0.95      0.86      0.90        49
          3       1.00      1.00      1.00        50
          4       0.92      0.90      0.91        50
          5       0.95      0.93      0.94        45
          6       0.78      0.36      0.49        50
          7       0.94      0.98      0.96        47
          8       1.00      0.98      0.99        53
          9       1.00      1.00      1.00        47
         10       1.00      1.00      1.00        55
         11       1.00      0.98      0.99        55
         12       1.00      1.00      1.00        51
         13       0.98      0.96      0.97        51
         14       1.00      1.00      1.00        46
         15       0.98      1.00      0.99        45
         16       1.00      1.00      1.00        55
         17       1.00      1.00      1.00        45
         18       0.96      1.00      0.98        54
         19       1.00      1.00      1.00        46
         20       1.00      0.89      0.94        47
         21       1.00      1.00      1.00        53
         22       0.89      0.67      0.76        51
         23       0.71      0.92      0.80        48
         24       0.70      0.63      0.67        52
         25       1.00      1.00      1.00        54
         26       1.00      1.00      1.00        39
         27       1.00      1.00      1.00        46
         28       1.00      1.00      1.00        45
         29       1.00      0.98      0.99        50
         30       1.00      1.00      1.00        47
         31       0.83      0.95      0.89        41
         32       0.57      0.90      0.70        48
         33       1.00      1.00      1.00        54
         34       1.00      0.96      0.98        53
         35       0.84      0.96      0.90        45

avg / total       0.94      0.93      0.93      1761

