Rank-1: 98.28%
Rank-5: 100.00%

             precision    recall  f1-score   support

          0       0.76      1.00      0.86        16
          1       0.96      1.00      0.98        24
          2       1.00      1.00      1.00        19
          3       1.00      1.00      1.00        24
          4       1.00      1.00      1.00        23
          5       1.00      1.00      1.00        23
          6       0.96      0.96      0.96        24
          7       1.00      1.00      1.00        23
          8       1.00      1.00      1.00        22
          9       1.00      1.00      1.00        17
         10       1.00      1.00      1.00        24
         11       1.00      1.00      1.00        18
         12       1.00      1.00      1.00        26
         13       0.95      0.95      0.95        19
         14       1.00      1.00      1.00        20
         15       1.00      1.00      1.00        21
         16       1.00      1.00      1.00        23
         17       1.00      1.00      1.00        19
         18       1.00      1.00      1.00        20
         19       1.00      1.00      1.00        17
         20       1.00      1.00      1.00        14
         21       1.00      1.00      1.00        25
         22       0.94      1.00      0.97        17
         23       1.00      0.88      0.94        26
         24       1.00      0.76      0.86        21
         25       1.00      1.00      1.00        24
         26       1.00      1.00      1.00        15
         27       1.00      1.00      1.00        19
         28       1.00      1.00      1.00        24
         29       0.91      1.00      0.95        20
         30       1.00      1.00      1.00        18
         31       1.00      1.00      1.00        17
         32       0.95      0.95      0.95        19
         33       1.00      1.00      1.00        27
         34       1.00      1.00      1.00        25
         35       0.95      0.91      0.93        22

avg / total       0.98      0.98      0.98       755

