Rank-1: 85.82%
Rank-5: 98.28%

             precision    recall  f1-score   support

          0       0.76      0.34      0.47        65
          1       0.88      0.95      0.92        63
          2       0.63      0.49      0.55        63
          3       1.00      0.97      0.98        61
          4       0.80      0.72      0.76        61
          5       0.82      0.98      0.90        62
          6       0.59      0.30      0.40        66
          7       0.93      0.84      0.88        63
          8       1.00      0.72      0.83        67
          9       0.97      0.98      0.98        64
         10       0.94      0.71      0.81        66
         11       0.90      0.98      0.94        62
         12       1.00      1.00      1.00        62
         13       0.92      0.95      0.93        59
         14       0.97      1.00      0.98        60
         15       0.97      1.00      0.98        63
         16       0.98      0.75      0.85        65
         17       0.79      1.00      0.89        62
         18       1.00      0.99      0.99        67
         19       1.00      1.00      1.00        62
         20       0.87      0.97      0.91        61
         21       0.98      1.00      0.99        62
         22       0.74      0.77      0.75        64
         23       0.72      0.47      0.57        66
         24       0.53      0.90      0.67        61
         25       1.00      1.00      1.00        64
         26       1.00      1.00      1.00        67
         27       0.98      1.00      0.99        61
         28       0.67      0.92      0.77        63
         29       0.81      0.86      0.84        59
         30       1.00      0.91      0.95        65
         31       0.54      0.93      0.68        59
         32       0.58      0.69      0.63        61
         33       1.00      0.98      0.99        64
         34       0.99      1.00      0.99        66
         35       1.00      0.90      0.95        58

avg / total       0.87      0.86      0.85      2264

