Rank-1: 2.68%
Rank-5: 22.89%

             precision    recall  f1-score   support

          0       0.58      0.57      0.57        65
          1       0.00      0.00      0.00        70
          2       1.00      0.01      0.03        69
          3       0.93      0.98      0.96        65
          4       0.45      0.75      0.56        65
          5       0.71      0.89      0.79        65
          6       0.51      0.30      0.38        67
          7       1.00      0.14      0.25        69
          8       0.84      0.54      0.65        69
          9       0.90      1.00      0.95        66
         10       0.00      0.00      0.00        70
         11       0.97      0.96      0.96        68
         12       0.97      0.92      0.94        65
         13       0.46      0.97      0.62        62
         14       0.91      0.95      0.93        65
         15       0.96      0.98      0.97        66
         16       0.85      0.41      0.55        68
         17       0.64      1.00      0.78        66
         18       1.00      0.97      0.99        68
         19       0.99      1.00      0.99        67
         20       1.00      0.17      0.30        69
         21       1.00      0.95      0.98        65
         22       0.75      0.76      0.75        66
         23       0.65      0.48      0.56        66
         24       0.56      0.61      0.58        66
         25       1.00      0.93      0.96        68
         26       1.00      1.00      1.00        69
         27       0.77      0.69      0.73        68
         28       0.60      0.89      0.72        66
         29       0.43      0.76      0.55        62
         30       0.67      0.70      0.69        67
         31       0.26      0.89      0.41        63
         32       0.51      0.62      0.56        64
         33       0.81      0.98      0.89        66
         34       0.99      1.00      0.99        67
         35       0.87      0.87      0.87        63

avg / total       0.74      0.71      0.68      2390

