Rank-1: 96.82%
Rank-5: 100.00%

             precision    recall  f1-score   support

          0       0.66      0.84      0.74        32
          1       0.95      1.00      0.97        38
          2       1.00      1.00      1.00        34
          3       1.00      1.00      1.00        41
          4       0.93      0.97      0.95        40
          5       0.97      0.92      0.94        36
          6       0.94      0.87      0.90        38
          7       1.00      1.00      1.00        35
          8       1.00      1.00      1.00        35
          9       1.00      1.00      1.00        31
         10       1.00      1.00      1.00        40
         11       1.00      1.00      1.00        35
         12       1.00      1.00      1.00        38
         13       0.97      0.97      0.97        38
         14       1.00      1.00      1.00        27
         15       1.00      1.00      1.00        33
         16       1.00      1.00      1.00        40
         17       1.00      1.00      1.00        33
         18       1.00      1.00      1.00        42
         19       1.00      1.00      1.00        30
         20       1.00      0.91      0.96        35
         21       1.00      1.00      1.00        37
         22       0.97      1.00      0.98        30
         23       0.97      0.94      0.96        36
         24       0.81      0.61      0.70        36
         25       1.00      1.00      1.00        40
         26       1.00      1.00      1.00        25
         27       1.00      1.00      1.00        34
         28       1.00      1.00      1.00        38
         29       0.97      0.97      0.97        35
         30       1.00      1.00      1.00        28
         31       1.00      1.00      1.00        23
         32       0.87      0.94      0.90        35
         33       1.00      1.00      1.00        43
         34       1.00      1.00      1.00        35
         35       0.88      0.91      0.89        32

avg / total       0.97      0.97      0.97      1258

